Gruppi di righe con indirizzi duplicati (normalizzati):

[0, 31, 119, 161]
[1, 92]
[2, 93, 251, 253, 258, 270]
[3, 36, 51, 73, 86, 238]
[4, 164]
[5, 71, 98, 100, 138, 149, 194, 242]
[6, 27, 126, 191, 202]
[7, 28, 91, 193, 203, 261]
[9, 20, 35, 206]
[10, 11, 137, 211, 243]
[12, 21, 167, 221, 229]
[13, 30, 79, 136, 182, 204]
[14, 60, 77, 122, 213, 215, 230, 235, 246]
[18, 156, 199, 226, 255, 257]
[19, 64, 118, 174, 188, 198]
[23, 70, 96, 99, 124, 152, 219]
[24, 49, 69, 76, 83, 123, 148, 153]
[26, 46, 74, 125, 239]
[29, 127, 134, 159, 234]
[32, 33, 53, 54, 140, 141, 266]
[34, 107, 108, 212, 267]
[37, 75]
[38, 154]
[39, 66, 112, 114, 173, 269]
[40, 142]
[41, 143]
[42, 144, 150, 160, 169, 217]
[44, 85, 117, 121, 133, 151, 168]
[47, 55]
[48, 147, 245]
[52, 268]
[56, 157, 260, 264]
[57, 265]
[61, 78]
[62, 67]
[65, 72, 181, 256]
[68, 171, 179, 225]
[80, 101, 162]
[81, 102, 163, 250]
[90, 208]
[94, 271]
[95, 97]
[105, 178, 189]
[111, 177, 195, 223, 231]
[116, 146, 240]
[120, 201]
[128, 132]
[158, 176, 184]
[165, 175, 185, 232]
[187, 263]
[214, 216, 236]
[220, 228, 249]
